13
0 0.000000 0.000000 0.000000 0.000000 0.250000 0.500000 0.750000 1.000000 1.000000 1.000000 1.000000 1
11
0 0.000000 0.000000 0.000000 0.000000 0.500000 1.000000 1.000000 1.000000 1.000000 1
48
0.000000 0.000000 0.000000 1.000000
0.062500 0.000000 0.000000 1.000000
0.187500 0.000000 0.000000 1.000000
0.312500 0.000000 0.000000 1.000000
0.437500 0.000000 0.000000 1.000000
0.500000 0.000000 0.000000 1.000000
0.000000 0.062500 0.000000 1.000000
0.062500 0.062500 0.000000 1.000000
0.130167 0.062500 0.000000 1.000000
0.255167 0.062500 0.000000 1.000000
0.380167 0.062500 0.000000 1.000000
0.442667 0.062500 0.000000 1.000000
0.000000 0.187500 0.000000 1.000000
0.062500 0.187500 0.000000 1.000000
0.125408 0.187500 0.000000 1.000000
0.233068 0.187500 0.000000 1.000000
0.358068 0.187500 0.000000 1.000000
0.420568 0.187500 0.000000 1.000000
0.000000 0.375000 0.000000 1.000000
0.062500 0.375000 0.000000 1.000000
0.106470 0.375000 0.000000 1.000000
0.231470 0.375000 0.000000 1.000000
0.356470 0.375000 0.000000 1.000000
0.418970 0.375000 0.000000 1.000000
0.000000 0.625000 0.000000 1.000000
0.062500 0.625000 0.000000 1.000000
0.187500 0.625000 0.000000 1.000000
0.376306 0.625000 0.000000 1.000000
0.501306 0.625000 0.000000 1.000000
0.563806 0.625000 0.000000 1.000000
0.000000 0.812500 0.000000 1.000000
0.062500 0.812500 0.000000 1.000000
0.187500 0.812500 0.000000 1.000000
0.404037 0.812500 0.000000 1.000000
0.529037 0.812500 0.000000 1.000000
0.591537 0.812500 0.000000 1.000000
0.000000 0.937500 0.000000 1.000000
0.062500 0.937500 0.000000 1.000000
0.187500 0.937500 0.000000 1.000000
0.357517 0.937500 0.000000 1.000000
0.482517 0.937500 0.000000 1.000000
0.545017 0.937500 0.000000 1.000000
0.000000 1.000000 0.000000 1.000000
0.062500 1.000000 0.000000 1.000000
0.187500 1.000000 0.000000 1.000000
0.312500 1.000000 0.000000 1.000000
0.437500 1.000000 0.000000 1.000000
0.500000 1.000000 0.000000 1.000000
