10
0 0.000000 0.000000 0.000000 0.000000 1.000000 1.000000 1.000000 1.000000 1
13
0 0.000000 0.000000 0.000000 0.000000 0.250000 0.500000 0.750000 1.000000 1.000000 1.000000 1.000000 1
40
0.500000 0.000000 0.000000 1.000000
0.442667 0.062500 0.000000 1.000000
0.420568 0.187500 0.000000 1.000000
0.418970 0.375000 0.000000 1.000000
0.563806 0.625000 0.000000 1.000000
0.591537 0.812500 0.000000 1.000000
0.545017 0.937500 0.000000 1.000000
0.500000 1.000000 0.000000 1.000000
0.500000 0.000000 0.025000 1.000000
0.442667 0.062500 0.025000 1.000000
0.420568 0.187500 0.025000 1.000000
0.418970 0.375000 0.025000 1.000000
0.563806 0.625000 0.025000 1.000000
0.591537 0.812500 0.025000 1.000000
0.545017 0.937500 0.025000 1.000000
0.500000 1.000000 0.025000 1.000000
0.500000 0.000000 0.050000 1.000000
0.442667 0.062500 0.050000 1.000000
0.420568 0.187500 0.050000 1.000000
0.418970 0.375000 0.050000 1.000000
0.563806 0.625000 0.050000 1.000000
0.591537 0.812500 0.050000 1.000000
0.545017 0.937500 0.050000 1.000000
0.500000 1.000000 0.050000 1.000000
0.500000 0.000000 0.075000 1.000000
0.442667 0.062500 0.075000 1.000000
0.420568 0.187500 0.075000 1.000000
0.418970 0.375000 0.075000 1.000000
0.563806 0.625000 0.075000 1.000000
0.591537 0.812500 0.075000 1.000000
0.545017 0.937500 0.075000 1.000000
0.500000 1.000000 0.075000 1.000000
0.500000 0.000000 0.100000 1.000000
0.442667 0.062500 0.100000 1.000000
0.420568 0.187500 0.100000 1.000000
0.418970 0.375000 0.100000 1.000000
0.563806 0.625000 0.100000 1.000000
0.591537 0.812500 0.100000 1.000000
0.545017 0.937500 0.100000 1.000000
0.500000 1.000000 0.100000 1.000000
