13
0 0.000000 0.000000 0.000000 0.000000 0.250000 0.500000 0.750000 1.000000 1.000000 1.000000 1.000000 1
11
0 0.000000 0.000000 0.000000 0.000000 0.500000 1.000000 1.000000 1.000000 1.000000 1
48
0.500000 0.000000 0.000000 1.000000
0.562500 0.000000 0.000000 1.000000
0.687500 0.000000 0.000000 1.000000
0.812500 0.000000 0.000000 1.000000
0.937500 0.000000 0.000000 1.000000
1.000000 0.000000 0.000000 1.000000
0.442667 0.062500 0.000000 1.000000
0.505167 0.062500 0.000000 1.000000
0.630167 0.062500 0.000000 1.000000
0.812500 0.062500 0.000000 1.000000
0.937500 0.062500 0.000000 1.000000
1.000000 0.062500 0.000000 1.000000
0.420568 0.187500 0.000000 1.000000
0.483068 0.187500 0.000000 1.000000
0.608068 0.187500 0.000000 1.000000
0.812500 0.187500 0.000000 1.000000
0.937500 0.187500 0.000000 1.000000
1.000000 0.187500 0.000000 1.000000
0.418970 0.375000 0.000000 1.000000
0.481470 0.375000 0.000000 1.000000
0.606470 0.375000 0.000000 1.000000
0.812500 0.375000 0.000000 1.000000
0.937500 0.375000 0.000000 1.000000
1.000000 0.375000 0.000000 1.000000
0.563806 0.625000 0.000000 1.000000
0.626306 0.625000 0.000000 1.000000
0.751306 0.625000 0.000000 1.000000
0.859438 0.625000 0.000000 1.000000
0.937500 0.625000 0.000000 1.000000
1.000000 0.625000 0.000000 1.000000
0.591537 0.812500 0.000000 1.000000
0.654037 0.812500 0.000000 1.000000
0.779037 0.812500 0.000000 1.000000
0.874118 0.812500 0.000000 1.000000
0.937500 0.812500 0.000000 1.000000
1.000000 0.812500 0.000000 1.000000
0.545017 0.937500 0.000000 1.000000
0.607517 0.937500 0.000000 1.000000
0.732517 0.937500 0.000000 1.000000
0.857517 0.937500 0.000000 1.000000
0.937500 0.937500 0.000000 1.000000
1.000000 0.937500 0.000000 1.000000
0.500000 1.000000 0.000000 1.000000
0.562500 1.000000 0.000000 1.000000
0.687500 1.000000 0.000000 1.000000
0.812500 1.000000 0.000000 1.000000
0.937500 1.000000 0.000000 1.000000
1.000000 1.000000 0.000000 1.000000
