13
0 0.000000 0.000000 0.000000 0.000000 0.250000 0.500000 0.750000 1.000000 1.000000 1.000000 1.000000 1
14
0 0.000000 0.000000 0.000000 0.000000 0.200000 0.400000 0.600000 0.800000 1.000000 1.000000 1.000000 1.000000 1
72
-0.500000 -1.000000 0.000000 1.000000
-0.450000 -1.000000 0.000000 1.000000
-0.350000 -1.000000 0.000000 1.000000
-0.200000 -1.000000 0.000000 1.000000
-0.000000 -1.000000 0.000000 1.000000
0.200000 -1.000000 0.000000 1.000000
0.350000 -1.000000 0.000000 1.000000
0.450000 -1.000000 0.000000 1.000000
0.500000 -1.000000 0.000000 1.000000
-0.500000 -0.968750 0.000000 1.000000
-0.450000 -0.968125 0.000000 1.000000
-0.350000 -0.966875 0.000000 1.000000
-0.200000 -0.965000 0.000000 1.000000
-0.000000 -0.962500 0.000000 1.000000
0.200000 -0.960000 0.000000 1.000000
0.350000 -0.958125 0.000000 1.000000
0.450000 -0.956875 0.000000 1.000000
0.500000 -0.956250 0.000000 1.000000
-0.500000 -0.906250 0.000000 1.000000
-0.450000 -0.904375 0.000000 1.000000
-0.350000 -0.900625 0.000000 1.000000
-0.200000 -0.895000 0.000000 1.000000
0.000000 -0.887500 0.000000 1.000000
0.200000 -0.880000 0.000000 1.000000
0.350000 -0.874375 0.000000 1.000000
0.450000 -0.870625 0.000000 1.000000
0.500000 -0.868750 0.000000 1.000000
-0.500000 -0.812500 0.000000 1.000000
-0.450000 -0.808750 0.000000 1.000000
-0.350000 -0.801250 0.000000 1.000000
-0.200000 -0.790000 0.000000 1.000000
-0.000000 -0.775000 0.000000 1.000000
0.200000 -0.760000 0.000000 1.000000
0.350000 -0.748750 0.000000 1.000000
0.450000 -0.741250 0.000000 1.000000
0.500000 -0.737500 0.000000 1.000000
-0.500000 -0.687500 0.000000 1.000000
-0.450000 -0.681250 0.000000 1.000000
-0.350000 -0.668750 0.000000 1.000000
-0.200000 -0.650000 0.000000 1.000000
0.000000 -0.625000 0.000000 1.000000
0.200000 -0.600000 0.000000 1.000000
0.350000 -0.581250 0.000000 1.000000
0.450000 -0.568750 0.000000 1.000000
0.500000 -0.562500 0.000000 1.000000
-0.500000 -0.593750 0.000000 1.000000
-0.450000 -0.585625 0.000000 1.000000
-0.350000 -0.569375 0.000000 1.000000
-0.200000 -0.545000 0.000000 1.000000
-0.000000 -0.512500 0.000000 1.000000
0.200000 -0.480000 0.000000 1.000000
0.350000 -0.455625 0.000000 1.000000
0.450000 -0.439375 0.000000 1.000000
0.500000 -0.431250 0.000000 1.000000
-0.500000 -0.531250 0.000000 1.000000
-0.450000 -0.521875 0.000000 1.000000
-0.350000 -0.503125 0.000000 1.000000
-0.200000 -0.475000 0.000000 1.000000
0.000000 -0.437500 0.000000 1.000000
0.200000 -0.400000 0.000000 1.000000
0.350000 -0.371875 0.000000 1.000000
0.450000 -0.353125 0.000000 1.000000
0.500000 -0.343750 0.000000 1.000000
-0.500000 -0.500000 0.000000 1.000000
-0.450000 -0.490000 0.000000 1.000000
-0.350000 -0.470000 0.000000 1.000000
-0.200000 -0.440000 0.000000 1.000000
-0.000000 -0.400000 0.000000 1.000000
0.200000 -0.360000 0.000000 1.000000
0.350000 -0.330000 0.000000 1.000000
0.450000 -0.310000 0.000000 1.000000
0.500000 -0.300000 0.000000 1.000000
