13
0 0.000000 0.000000 0.000000 0.000000 0.250000 0.500000 0.750000 1.000000 1.000000 1.000000 1.000000 1
19
0 0.000000 0.000000 0.000000 0.000000 0.100000 0.200000 0.300000 0.400000 0.500000 0.600000 0.700000 0.800000 0.900000 1.000000 1.000000 1.000000 1.000000 1
112
-1.000000 0.353553 0.000000 1.000000
-0.950000 0.353553 0.000000 1.000000
-0.850000 0.353553 0.000000 1.000000
-0.700000 0.353553 0.000000 1.000000
-0.500000 0.353553 0.000000 1.000000
-0.300000 0.353553 0.000000 1.000000
-0.100000 0.353553 0.000000 1.000000
0.100000 0.353553 0.000000 1.000000
0.300000 0.353553 0.000000 1.000000
0.500000 0.353553 0.000000 1.000000
0.700000 0.353553 0.000000 1.000000
0.850000 0.353553 0.000000 1.000000
0.950000 0.353553 0.000000 1.000000
1.000000 0.353553 0.000000 1.000000
-1.000000 0.393956 0.000000 1.000000
-0.950000 0.393956 0.000000 1.000000
-0.850000 0.393956 0.000000 1.000000
-0.700000 0.393956 0.000000 1.000000
-0.500000 0.393956 0.000000 1.000000
-0.300000 0.393956 0.000000 1.000000
-0.100000 0.393956 0.000000 1.000000
0.100000 0.393956 0.000000 1.000000
0.300000 0.393956 0.000000 1.000000
0.500000 0.393956 0.000000 1.000000
0.700000 0.393956 0.000000 1.000000
0.850000 0.393956 0.000000 1.000000
0.950000 0.393956 0.000000 1.000000
1.000000 0.393956 0.000000 1.000000
-1.000000 0.474762 0.000000 1.000000
-0.950000 0.474762 0.000000 1.000000
-0.850000 0.474762 0.000000 1.000000
-0.700000 0.474762 0.000000 1.000000
-0.500000 0.474762 0.000000 1.000000
-0.300000 0.474762 0.000000 1.000000
-0.100000 0.474762 0.000000 1.000000
0.100000 0.474762 0.000000 1.000000
0.300000 0.474762 0.000000 1.000000
0.500000 0.474762 0.000000 1.000000
0.700000 0.474762 0.000000 1.000000
0.850000 0.474762 0.000000 1.000000
0.950000 0.474762 0.000000 1.000000
1.000000 0.474762 0.000000 1.000000
-1.000000 0.595971 0.000000 1.000000
-0.950000 0.595971 0.000000 1.000000
-0.850000 0.595971 0.000000 1.000000
-0.700000 0.595971 0.000000 1.000000
-0.500000 0.595971 0.000000 1.000000
-0.300000 0.595971 0.000000 1.000000
-0.100000 0.595971 0.000000 1.000000
0.100000 0.595971 0.000000 1.000000
0.300000 0.595971 0.000000 1.000000
0.500000 0.595971 0.000000 1.000000
0.700000 0.595971 0.000000 1.000000
0.850000 0.595971 0.000000 1.000000
0.950000 0.595971 0.000000 1.000000
1.000000 0.595971 0.000000 1.000000
-1.000000 0.757583 0.000000 1.000000
-0.950000 0.757583 0.000000 1.000000
-0.850000 0.757583 0.000000 1.000000
-0.700000 0.757583 0.000000 1.000000
-0.500000 0.757583 0.000000 1.000000
-0.300000 0.757583 0.000000 1.000000
-0.100000 0.757583 0.000000 1.000000
0.100000 0.757583 0.000000 1.000000
0.300000 0.757583 0.000000 1.000000
0.500000 0.757583 0.000000 1.000000
0.700000 0.757583 0.000000 1.000000
0.850000 0.757583 0.000000 1.000000
0.950000 0.757583 0.000000 1.000000
1.000000 0.757583 0.000000 1.000000
-1.000000 0.878791 0.000000 1.000000
-0.950000 0.878791 0.000000 1.000000
-0.850000 0.878791 0.000000 1.000000
-0.700000 0.878791 0.000000 1.000000
-0.500000 0.878791 0.000000 1.000000
-0.300000 0.878791 0.000000 1.000000
-0.100000 0.878791 0.000000 1.000000
0.100000 0.878791 0.000000 1.000000
0.300000 0.878791 0.000000 1.000000
0.500000 0.878791 0.000000 1.000000
0.700000 0.878791 0.000000 1.000000
0.850000 0.878791 0.000000 1.000000
0.950000 0.878791 0.000000 1.000000
1.000000 0.878791 0.000000 1.000000
-1.000000 0.959597 0.000000 1.000000
-0.950000 0.959597 0.000000 1.000000
-0.850000 0.959597 0.000000 1.000000
-0.700000 0.959597 0.000000 1.000000
-0.500000 0.959597 0.000000 1.000000
-0.300000 0.959597 0.000000 1.000000
-0.100000 0.959597 0.000000 1.000000
0.100000 0.959597 0.000000 1.000000
0.300000 0.959597 0.000000 1.000000
0.500000 0.959597 0.000000 1.000000
0.700000 0.959597 0.000000 1.000000
0.850000 0.959597 0.000000 1.000000
0.950000 0.959597 0.000000 1.000000
1.000000 0.959597 0.000000 1.000000
-1.000000 1.000000 0.000000 1.000000
-0.950000 1.000000 0.000000 1.000000
-0.850000 1.000000 0.000000 1.000000
-0.700000 1.000000 0.000000 1.000000
-0.500000 1.000000 0.000000 1.000000
-0.300000 1.000000 0.000000 1.000000
-0.100000 1.000000 0.000000 1.000000
0.100000 1.000000 0.000000 1.000000
0.300000 1.000000 0.000000 1.000000
0.500000 1.000000 0.000000 1.000000
0.700000 1.000000 0.000000 1.000000
0.850000 1.000000 0.000000 1.000000
0.950000 1.000000 0.000000 1.000000
1.000000 1.000000 0.000000 1.000000
