14
0 0.000000 0.000000 0.000000 0.000000 0.200000 0.400000 0.600000 0.800000 1.000000 1.000000 1.000000 1.000000 1
14
0 0.000000 0.000000 0.000000 0.000000 0.200000 0.400000 0.600000 0.800000 1.000000 1.000000 1.000000 1.000000 1
81
-0.500000 -0.500000 0.000000 1.000000
-0.450000 -0.480000 0.000000 1.000000
-0.350000 -0.440000 0.000000 1.000000
-0.200000 -0.380000 0.000000 1.000000
-0.000000 -0.300000 0.000000 1.000000
0.200000 -0.220000 0.000000 1.000000
0.350000 -0.160000 0.000000 1.000000
0.450000 -0.120000 0.000000 1.000000
0.500000 -0.100000 0.000000 1.000000
-0.500000 -0.450000 0.000000 1.000000
-0.450000 -0.432000 0.000000 1.000000
-0.350000 -0.396000 0.000000 1.000000
-0.200000 -0.342000 0.000000 1.000000
-0.000000 -0.270000 0.000000 1.000000
0.200000 -0.198000 0.000000 1.000000
0.350000 -0.144000 0.000000 1.000000
0.450000 -0.108000 0.000000 1.000000
0.500000 -0.090000 0.000000 1.000000
-0.500000 -0.350000 0.000000 1.000000
-0.450000 -0.336000 0.000000 1.000000
-0.350000 -0.308000 0.000000 1.000000
-0.200000 -0.266000 0.000000 1.000000
0.000000 -0.210000 0.000000 1.000000
0.200000 -0.154000 0.000000 1.000000
0.350000 -0.112000 0.000000 1.000000
0.450000 -0.084000 0.000000 1.000000
0.500000 -0.070000 0.000000 1.000000
-0.500000 -0.200000 0.000000 1.000000
-0.450000 -0.192000 0.000000 1.000000
-0.350000 -0.176000 0.000000 1.000000
-0.200000 -0.152000 0.000000 1.000000
-0.000000 -0.120000 0.000000 1.000000
0.200000 -0.088000 0.000000 1.000000
0.350000 -0.064000 0.000000 1.000000
0.450000 -0.048000 0.000000 1.000000
0.500000 -0.040000 0.000000 1.000000
-0.500000 -0.000000 0.000000 1.000000
-0.450000 -0.000000 0.000000 1.000000
-0.350000 0.000000 0.000000 1.000000
-0.200000 -0.000000 0.000000 1.000000
-0.000000 0.000000 0.000000 1.000000
0.200000 -0.000000 0.000000 1.000000
0.350000 0.000000 0.000000 1.000000
0.450000 -0.000000 0.000000 1.000000
0.500000 -0.000000 0.000000 1.000000
-0.500000 0.200000 0.000000 1.000000
-0.450000 0.192000 0.000000 1.000000
-0.350000 0.176000 0.000000 1.000000
-0.200000 0.152000 0.000000 1.000000
-0.000000 0.120000 0.000000 1.000000
0.200000 0.088000 0.000000 1.000000
0.350000 0.064000 0.000000 1.000000
0.450000 0.048000 0.000000 1.000000
0.500000 0.040000 0.000000 1.000000
-0.500000 0.350000 0.000000 1.000000
-0.450000 0.336000 0.000000 1.000000
-0.350000 0.308000 0.000000 1.000000
-0.200000 0.266000 0.000000 1.000000
-0.000000 0.210000 0.000000 1.000000
0.200000 0.154000 0.000000 1.000000
0.350000 0.112000 0.000000 1.000000
0.450000 0.084000 0.000000 1.000000
0.500000 0.070000 0.000000 1.000000
-0.500000 0.450000 0.000000 1.000000
-0.450000 0.432000 0.000000 1.000000
-0.350000 0.396000 0.000000 1.000000
-0.200000 0.342000 0.000000 1.000000
0.000000 0.270000 0.000000 1.000000
0.200000 0.198000 0.000000 1.000000
0.350000 0.144000 0.000000 1.000000
0.450000 0.108000 0.000000 1.000000
0.500000 0.090000 0.000000 1.000000
-0.500000 0.500000 0.000000 1.000000
-0.450000 0.480000 0.000000 1.000000
-0.350000 0.440000 0.000000 1.000000
-0.200000 0.380000 0.000000 1.000000
-0.000000 0.300000 0.000000 1.000000
0.200000 0.220000 0.000000 1.000000
0.350000 0.160000 0.000000 1.000000
0.450000 0.120000 0.000000 1.000000
0.500000 0.100000 0.000000 1.000000
