14
0 0.000000 0.000000 0.000000 0.000000 0.200000 0.400000 0.600000 0.800000 1.000000 1.000000 1.000000 1.000000 1
14
0 0.000000 0.000000 0.000000 0.000000 0.200000 0.400000 0.600000 0.800000 1.000000 1.000000 1.000000 1.000000 1
81
-0.500000 -0.500000 0.000000 1.000000
-0.450000 -0.490000 0.000000 1.000000
-0.350000 -0.470000 0.000000 1.000000
-0.200000 -0.440000 0.000000 1.000000
-0.000000 -0.400000 0.000000 1.000000
0.200000 -0.360000 0.000000 1.000000
0.350000 -0.330000 0.000000 1.000000
0.450000 -0.310000 0.000000 1.000000
0.500000 -0.300000 0.000000 1.000000
-0.500000 -0.450000 0.000000 1.000000
-0.450000 -0.441000 0.000000 1.000000
-0.350000 -0.423000 0.000000 1.000000
-0.200000 -0.396000 0.000000 1.000000
-0.000000 -0.360000 0.000000 1.000000
0.200000 -0.324000 0.000000 1.000000
0.350000 -0.297000 0.000000 1.000000
0.450000 -0.279000 0.000000 1.000000
0.500000 -0.270000 0.000000 1.000000
-0.500000 -0.350000 0.000000 1.000000
-0.450000 -0.343000 0.000000 1.000000
-0.350000 -0.329000 0.000000 1.000000
-0.200000 -0.308000 0.000000 1.000000
0.000000 -0.280000 0.000000 1.000000
0.200000 -0.252000 0.000000 1.000000
0.350000 -0.231000 0.000000 1.000000
0.450000 -0.217000 0.000000 1.000000
0.500000 -0.210000 0.000000 1.000000
-0.500000 -0.200000 0.000000 1.000000
-0.450000 -0.196000 0.000000 1.000000
-0.350000 -0.188000 0.000000 1.000000
-0.200000 -0.176000 0.000000 1.000000
0.000000 -0.160000 0.000000 1.000000
0.200000 -0.144000 0.000000 1.000000
0.350000 -0.132000 0.000000 1.000000
0.450000 -0.124000 0.000000 1.000000
0.500000 -0.120000 0.000000 1.000000
-0.500000 -0.000000 0.000000 1.000000
-0.450000 -0.000000 0.000000 1.000000
-0.350000 -0.000000 0.000000 1.000000
-0.200000 -0.000000 0.000000 1.000000
0.000000 -0.000000 0.000000 1.000000
0.200000 -0.000000 0.000000 1.000000
0.350000 0.000000 0.000000 1.000000
0.450000 -0.000000 0.000000 1.000000
0.500000 -0.000000 0.000000 1.000000
-0.500000 0.200000 0.000000 1.000000
-0.450000 0.196000 0.000000 1.000000
-0.350000 0.188000 0.000000 1.000000
-0.200000 0.176000 0.000000 1.000000
-0.000000 0.160000 0.000000 1.000000
0.200000 0.144000 0.000000 1.000000
0.350000 0.132000 0.000000 1.000000
0.450000 0.124000 0.000000 1.000000
0.500000 0.120000 0.000000 1.000000
-0.500000 0.350000 0.000000 1.000000
-0.450000 0.343000 0.000000 1.000000
-0.350000 0.329000 0.000000 1.000000
-0.200000 0.308000 0.000000 1.000000
0.000000 0.280000 0.000000 1.000000
0.200000 0.252000 0.000000 1.000000
0.350000 0.231000 0.000000 1.000000
0.450000 0.217000 0.000000 1.000000
0.500000 0.210000 0.000000 1.000000
-0.500000 0.450000 0.000000 1.000000
-0.450000 0.441000 0.000000 1.000000
-0.350000 0.423000 0.000000 1.000000
-0.200000 0.396000 0.000000 1.000000
0.000000 0.360000 0.000000 1.000000
0.200000 0.324000 0.000000 1.000000
0.350000 0.297000 0.000000 1.000000
0.450000 0.279000 0.000000 1.000000
0.500000 0.270000 0.000000 1.000000
-0.500000 0.500000 0.000000 1.000000
-0.450000 0.490000 0.000000 1.000000
-0.350000 0.470000 0.000000 1.000000
-0.200000 0.440000 0.000000 1.000000
-0.000000 0.400000 0.000000 1.000000
0.200000 0.360000 0.000000 1.000000
0.350000 0.330000 0.000000 1.000000
0.450000 0.310000 0.000000 1.000000
0.500000 0.300000 0.000000 1.000000
