13
0 0.000000 0.000000 0.000000 0.000000 0.250000 0.500000 0.750000 1.000000 1.000000 1.000000 1.000000 1
14
0 0.000000 0.000000 0.000000 0.000000 0.200000 0.400000 0.600000 0.800000 1.000000 1.000000 1.000000 1.000000 1
72
-0.500000 -1.000000 0.000000 1.000000
-0.450000 -1.000000 0.000000 1.000000
-0.350000 -1.000000 0.000000 1.000000
-0.200000 -1.000000 0.000000 1.000000
0.000000 -1.000000 0.000000 1.000000
0.200000 -1.000000 0.000000 1.000000
0.350000 -1.000000 0.000000 1.000000
0.450000 -1.000000 0.000000 1.000000
0.500000 -1.000000 0.000000 1.000000
-0.500000 -0.968750 0.000000 1.000000
-0.450000 -0.967813 0.000000 1.000000
-0.350000 -0.965938 0.000000 1.000000
-0.200000 -0.963125 0.000000 1.000000
-0.000000 -0.959375 0.000000 1.000000
0.200000 -0.955625 0.000000 1.000000
0.350000 -0.952812 0.000000 1.000000
0.450000 -0.950938 0.000000 1.000000
0.500000 -0.950000 0.000000 1.000000
-0.500000 -0.906250 0.000000 1.000000
-0.450000 -0.903438 0.000000 1.000000
-0.350000 -0.897812 0.000000 1.000000
-0.200000 -0.889375 0.000000 1.000000
0.000000 -0.878125 0.000000 1.000000
0.200000 -0.866875 0.000000 1.000000
0.350000 -0.858438 0.000000 1.000000
0.450000 -0.852812 0.000000 1.000000
0.500000 -0.850000 0.000000 1.000000
-0.500000 -0.812500 0.000000 1.000000
-0.450000 -0.806875 0.000000 1.000000
-0.350000 -0.795625 0.000000 1.000000
-0.200000 -0.778750 0.000000 1.000000
-0.000000 -0.756250 0.000000 1.000000
0.200000 -0.733750 0.000000 1.000000
0.350000 -0.716875 0.000000 1.000000
0.450000 -0.705625 0.000000 1.000000
0.500000 -0.700000 0.000000 1.000000
-0.500000 -0.687500 0.000000 1.000000
-0.450000 -0.678125 0.000000 1.000000
-0.350000 -0.659375 0.000000 1.000000
-0.200000 -0.631250 0.000000 1.000000
-0.000000 -0.593750 0.000000 1.000000
0.200000 -0.556250 0.000000 1.000000
0.350000 -0.528125 0.000000 1.000000
0.450000 -0.509375 0.000000 1.000000
0.500000 -0.500000 0.000000 1.000000
-0.500000 -0.593750 0.000000 1.000000
-0.450000 -0.581563 0.000000 1.000000
-0.350000 -0.557187 0.000000 1.000000
-0.200000 -0.520625 0.000000 1.000000
0.000000 -0.471875 0.000000 1.000000
0.200000 -0.423125 0.000000 1.000000
0.350000 -0.386563 0.000000 1.000000
0.450000 -0.362188 0.000000 1.000000
0.500000 -0.350000 0.000000 1.000000
-0.500000 -0.531250 0.000000 1.000000
-0.450000 -0.517188 0.000000 1.000000
-0.350000 -0.489063 0.000000 1.000000
-0.200000 -0.446875 0.000000 1.000000
-0.000000 -0.390625 0.000000 1.000000
0.200000 -0.334375 0.000000 1.000000
0.350000 -0.292188 0.000000 1.000000
0.450000 -0.264063 0.000000 1.000000
0.500000 -0.250000 0.000000 1.000000
-0.500000 -0.500000 0.000000 1.000000
-0.450000 -0.485000 0.000000 1.000000
-0.350000 -0.455000 0.000000 1.000000
-0.200000 -0.410000 0.000000 1.000000
0.000000 -0.350000 0.000000 1.000000
0.200000 -0.290000 0.000000 1.000000
0.350000 -0.245000 0.000000 1.000000
0.450000 -0.215000 0.000000 1.000000
0.500000 -0.200000 0.000000 1.000000
