15
0 0.000000 0.000000 0.000000 0.000000 0.166667 0.333333 0.500000 0.666667 0.833333 1.000000 1.000000 1.000000 1.000000 1
15
0 0.000000 0.000000 0.000000 0.000000 0.166667 0.333333 0.500000 0.666667 0.833333 1.000000 1.000000 1.000000 1.000000 1
100
1.000000 -0.800000 0.500000 1.000000
0.958333 -0.800000 0.500000 1.000000
0.875000 -0.800000 0.500000 1.000000
0.750000 -0.800000 0.500000 1.000000
0.583333 -0.800000 0.500000 1.000000
0.416667 -0.800000 0.500000 1.000000
0.250000 -0.800000 0.500000 1.000000
0.125000 -0.800000 0.500000 1.000000
0.041667 -0.800000 0.500000 1.000000
0.000000 -0.800000 0.500000 1.000000
1.000000 -0.766667 0.500000 1.000000
0.958333 -0.766667 0.500000 1.000000
0.875000 -0.766667 0.500000 1.000000
0.750000 -0.766667 0.500000 1.000000
0.583333 -0.766667 0.500000 1.000000
0.416667 -0.766667 0.500000 1.000000
0.250000 -0.766667 0.500000 1.000000
0.125000 -0.766667 0.500000 1.000000
0.041667 -0.766667 0.500000 1.000000
0.000000 -0.766667 0.500000 1.000000
1.000000 -0.700000 0.500000 1.000000
0.958333 -0.700000 0.500000 1.000000
0.875000 -0.700000 0.500000 1.000000
0.750000 -0.700000 0.500000 1.000000
0.583333 -0.700000 0.500000 1.000000
0.416667 -0.700000 0.500000 1.000000
0.250000 -0.700000 0.500000 1.000000
0.125000 -0.700000 0.500000 1.000000
0.041667 -0.700000 0.500000 1.000000
0.000000 -0.700000 0.500000 1.000000
1.000000 -0.600000 0.500000 1.000000
0.958333 -0.600000 0.500000 1.000000
0.875000 -0.600000 0.500000 1.000000
0.750000 -0.600000 0.500000 1.000000
0.583333 -0.600000 0.500000 1.000000
0.416667 -0.600000 0.500000 1.000000
0.250000 -0.600000 0.500000 1.000000
0.125000 -0.600000 0.500000 1.000000
0.041667 -0.600000 0.500000 1.000000
0.000000 -0.600000 0.500000 1.000000
1.000000 -0.466667 0.500000 1.000000
0.958333 -0.466667 0.500000 1.000000
0.875000 -0.466667 0.500000 1.000000
0.750000 -0.466667 0.500000 1.000000
0.583333 -0.466667 0.500000 1.000000
0.416667 -0.466667 0.500000 1.000000
0.250000 -0.466667 0.500000 1.000000
0.125000 -0.466667 0.500000 1.000000
0.041667 -0.466667 0.500000 1.000000
0.000000 -0.466667 0.500000 1.000000
1.000000 -0.333333 0.500000 1.000000
0.958333 -0.333333 0.500000 1.000000
0.875000 -0.333333 0.500000 1.000000
0.750000 -0.333333 0.500000 1.000000
0.583333 -0.333333 0.500000 1.000000
0.416667 -0.333333 0.500000 1.000000
0.250000 -0.333333 0.500000 1.000000
0.125000 -0.333333 0.500000 1.000000
0.041667 -0.333333 0.500000 1.000000
0.000000 -0.333333 0.500000 1.000000
1.000000 -0.200000 0.500000 1.000000
0.958333 -0.200000 0.500000 1.000000
0.875000 -0.200000 0.500000 1.000000
0.750000 -0.200000 0.500000 1.000000
0.583333 -0.200000 0.500000 1.000000
0.416667 -0.200000 0.500000 1.000000
0.250000 -0.200000 0.500000 1.000000
0.125000 -0.200000 0.500000 1.000000
0.041667 -0.200000 0.500000 1.000000
0.000000 -0.200000 0.500000 1.000000
1.000000 -0.100000 0.500000 1.000000
0.958333 -0.100000 0.500000 1.000000
0.875000 -0.100000 0.500000 1.000000
0.750000 -0.100000 0.500000 1.000000
0.583333 -0.100000 0.500000 1.000000
0.416667 -0.100000 0.500000 1.000000
0.250000 -0.100000 0.500000 1.000000
0.125000 -0.100000 0.500000 1.000000
0.041667 -0.100000 0.500000 1.000000
0.000000 -0.100000 0.500000 1.000000
1.000000 -0.033333 0.500000 1.000000
0.958333 -0.033333 0.500000 1.000000
0.875000 -0.033333 0.500000 1.000000
0.750000 -0.033333 0.500000 1.000000
0.583333 -0.033333 0.500000 1.000000
0.416667 -0.033333 0.500000 1.000000
0.250000 -0.033333 0.500000 1.000000
0.125000 -0.033333 0.500000 1.000000
0.041667 -0.033333 0.500000 1.000000
0.000000 -0.033333 0.500000 1.000000
1.000000 0.000000 0.500000 1.000000
0.958333 0.000000 0.500000 1.000000
0.875000 0.000000 0.500000 1.000000
0.750000 0.000000 0.500000 1.000000
0.583333 0.000000 0.500000 1.000000
0.416667 0.000000 0.500000 1.000000
0.250000 0.000000 0.500000 1.000000
0.125000 0.000000 0.500000 1.000000
0.041667 0.000000 0.500000 1.000000
0.000000 0.000000 0.500000 1.000000
