13
0 0.000000 0.000000 0.000000 0.000000 0.250000 0.500000 0.750000 1.000000 1.000000 1.000000 1.000000 1
15
0 0.000000 0.000000 0.000000 0.000000 0.166667 0.333333 0.500000 0.666667 0.833333 1.000000 1.000000 1.000000 1.000000 1
80
0.000000 -1.000000 0.500000 1.000000
0.041667 -1.000000 0.500000 1.000000
0.125000 -1.000000 0.500000 1.000000
0.250000 -1.000000 0.500000 1.000000
0.416667 -1.000000 0.500000 1.000000
0.583333 -1.000000 0.500000 1.000000
0.750000 -1.000000 0.500000 1.000000
0.875000 -1.000000 0.500000 1.000000
0.958333 -1.000000 0.500000 1.000000
1.000000 -1.000000 0.500000 1.000000
0.000000 -1.000000 0.468750 1.000000
0.041667 -1.000000 0.468750 1.000000
0.125000 -1.000000 0.468750 1.000000
0.250000 -1.000000 0.468750 1.000000
0.416667 -1.000000 0.468750 1.000000
0.583333 -1.000000 0.468750 1.000000
0.750000 -1.000000 0.468750 1.000000
0.875000 -1.000000 0.468750 1.000000
0.958333 -1.000000 0.468750 1.000000
1.000000 -1.000000 0.468750 1.000000
0.000000 -1.000000 0.406250 1.000000
0.041667 -1.000000 0.406250 1.000000
0.125000 -1.000000 0.406250 1.000000
0.250000 -1.000000 0.406250 1.000000
0.416667 -1.000000 0.406250 1.000000
0.583333 -1.000000 0.406250 1.000000
0.750000 -1.000000 0.406250 1.000000
0.875000 -1.000000 0.406250 1.000000
0.958333 -1.000000 0.406250 1.000000
1.000000 -1.000000 0.406250 1.000000
0.000000 -1.000000 0.312500 1.000000
0.041667 -1.000000 0.312500 1.000000
0.125000 -1.000000 0.312500 1.000000
0.250000 -1.000000 0.312500 1.000000
0.416667 -1.000000 0.312500 1.000000
0.583333 -1.000000 0.312500 1.000000
0.750000 -1.000000 0.312500 1.000000
0.875000 -1.000000 0.312500 1.000000
0.958333 -1.000000 0.312500 1.000000
1.000000 -1.000000 0.312500 1.000000
0.000000 -1.000000 0.187500 1.000000
0.041667 -1.000000 0.187500 1.000000
0.125000 -1.000000 0.187500 1.000000
0.250000 -1.000000 0.187500 1.000000
0.416667 -1.000000 0.187500 1.000000
0.583333 -1.000000 0.187500 1.000000
0.750000 -1.000000 0.187500 1.000000
0.875000 -1.000000 0.187500 1.000000
0.958333 -1.000000 0.187500 1.000000
1.000000 -1.000000 0.187500 1.000000
0.000000 -1.000000 0.093750 1.000000
0.041667 -1.000000 0.093750 1.000000
0.125000 -1.000000 0.093750 1.000000
0.250000 -1.000000 0.093750 1.000000
0.416667 -1.000000 0.093750 1.000000
0.583333 -1.000000 0.093750 1.000000
0.750000 -1.000000 0.093750 1.000000
0.875000 -1.000000 0.093750 1.000000
0.958333 -1.000000 0.093750 1.000000
1.000000 -1.000000 0.093750 1.000000
0.000000 -1.000000 0.031250 1.000000
0.041667 -1.000000 0.031250 1.000000
0.125000 -1.000000 0.031250 1.000000
0.250000 -1.000000 0.031250 1.000000
0.416667 -1.000000 0.031250 1.000000
0.583333 -1.000000 0.031250 1.000000
0.750000 -1.000000 0.031250 1.000000
0.875000 -1.000000 0.031250 1.000000
0.958333 -1.000000 0.031250 1.000000
1.000000 -1.000000 0.031250 1.000000
0.000000 -1.000000 0.000000 1.000000
0.041667 -1.000000 0.000000 1.000000
0.125000 -1.000000 0.000000 1.000000
0.250000 -1.000000 0.000000 1.000000
0.416667 -1.000000 0.000000 1.000000
0.583333 -1.000000 0.000000 1.000000
0.750000 -1.000000 0.000000 1.000000
0.875000 -1.000000 0.000000 1.000000
0.958333 -1.000000 0.000000 1.000000
1.000000 -1.000000 0.000000 1.000000
