14
0 0.000000 0.000000 0.000000 0.000000 0.200000 0.400000 0.600000 0.800000 1.000000 1.000000 1.000000 1.000000 1
14
0 0.000000 0.000000 0.000000 0.000000 0.200000 0.400000 0.600000 0.800000 1.000000 1.000000 1.000000 1.000000 1
81
-0.853553 -0.353553 0.000000 1.000000
-0.803553 -0.353553 0.000000 1.000000
-0.703553 -0.353553 0.000000 1.000000
-0.553553 -0.353553 0.000000 1.000000
-0.353553 -0.353553 0.000000 1.000000
-0.153553 -0.353553 0.000000 1.000000
-0.003553 -0.353553 0.000000 1.000000
0.096447 -0.353553 0.000000 1.000000
0.146447 -0.353553 0.000000 1.000000
-0.818198 -0.318198 0.000000 1.000000
-0.768198 -0.318198 0.000000 1.000000
-0.668198 -0.318198 0.000000 1.000000
-0.518198 -0.318198 0.000000 1.000000
-0.318198 -0.318198 0.000000 1.000000
-0.118198 -0.318198 0.000000 1.000000
0.031802 -0.318198 0.000000 1.000000
0.131802 -0.318198 0.000000 1.000000
0.181802 -0.318198 0.000000 1.000000
-0.747487 -0.247487 0.000000 1.000000
-0.697487 -0.247487 0.000000 1.000000
-0.597487 -0.247487 0.000000 1.000000
-0.447487 -0.247487 0.000000 1.000000
-0.247487 -0.247487 0.000000 1.000000
-0.047487 -0.247487 0.000000 1.000000
0.102513 -0.247487 0.000000 1.000000
0.202513 -0.247487 0.000000 1.000000
0.252513 -0.247487 0.000000 1.000000
-0.641421 -0.141421 0.000000 1.000000
-0.591421 -0.141421 0.000000 1.000000
-0.491421 -0.141421 0.000000 1.000000
-0.341421 -0.141421 0.000000 1.000000
-0.141421 -0.141421 0.000000 1.000000
0.058579 -0.141421 0.000000 1.000000
0.208579 -0.141421 0.000000 1.000000
0.308579 -0.141421 0.000000 1.000000
0.358579 -0.141421 0.000000 1.000000
-0.500000 0.000000 0.000000 1.000000
-0.450000 0.000000 0.000000 1.000000
-0.350000 0.000000 0.000000 1.000000
-0.200000 0.000000 0.000000 1.000000
0.000000 0.000000 0.000000 1.000000
0.200000 0.000000 0.000000 1.000000
0.350000 0.000000 0.000000 1.000000
0.450000 0.000000 0.000000 1.000000
0.500000 0.000000 0.000000 1.000000
-0.358579 0.141421 0.000000 1.000000
-0.308579 0.141421 0.000000 1.000000
-0.208579 0.141421 0.000000 1.000000
-0.058579 0.141421 0.000000 1.000000
0.141421 0.141421 0.000000 1.000000
0.341421 0.141421 0.000000 1.000000
0.491421 0.141421 0.000000 1.000000
0.591421 0.141421 0.000000 1.000000
0.641421 0.141421 0.000000 1.000000
-0.252513 0.247487 0.000000 1.000000
-0.202513 0.247487 0.000000 1.000000
-0.102513 0.247487 0.000000 1.000000
0.047487 0.247487 0.000000 1.000000
0.247487 0.247487 0.000000 1.000000
0.447487 0.247487 0.000000 1.000000
0.597487 0.247487 0.000000 1.000000
0.697487 0.247487 0.000000 1.000000
0.747487 0.247487 0.000000 1.000000
-0.181802 0.318198 0.000000 1.000000
-0.131802 0.318198 0.000000 1.000000
-0.031802 0.318198 0.000000 1.000000
0.118198 0.318198 0.000000 1.000000
0.318198 0.318198 0.000000 1.000000
0.518198 0.318198 0.000000 1.000000
0.668198 0.318198 0.000000 1.000000
0.768198 0.318198 0.000000 1.000000
0.818198 0.318198 0.000000 1.000000
-0.146447 0.353553 0.000000 1.000000
-0.096447 0.353553 0.000000 1.000000
0.003553 0.353553 0.000000 1.000000
0.153553 0.353553 0.000000 1.000000
0.353553 0.353553 0.000000 1.000000
0.553553 0.353553 0.000000 1.000000
0.703553 0.353553 0.000000 1.000000
0.803553 0.353553 0.000000 1.000000
0.853553 0.353553 0.000000 1.000000
