14
0 0.000000 0.000000 0.000000 0.000000 0.200000 0.400000 0.600000 0.800000 1.000000 1.000000 1.000000 1.000000 1
12
0 0.000000 0.000000 0.000000 0.000000 0.333333 0.666667 1.000000 1.000000 1.000000 1.000000 1
63
0.146447 -0.353553 0.000000 1.000000
0.217576 -0.353553 0.000000 1.000000
0.359835 -0.353553 0.000000 1.000000
0.573223 -0.353553 0.000000 1.000000
0.786612 -0.353553 0.000000 1.000000
0.928871 -0.353553 0.000000 1.000000
1.000000 -0.353553 0.000000 1.000000
0.181802 -0.318198 0.000000 1.000000
0.249985 -0.318198 0.000000 1.000000
0.386351 -0.318198 0.000000 1.000000
0.590901 -0.318198 0.000000 1.000000
0.795450 -0.318198 0.000000 1.000000
0.931817 -0.318198 0.000000 1.000000
1.000000 -0.318198 0.000000 1.000000
0.252513 -0.247487 0.000000 1.000000
0.314803 -0.247487 0.000000 1.000000
0.439384 -0.247487 0.000000 1.000000
0.626256 -0.247487 0.000000 1.000000
0.813128 -0.247487 0.000000 1.000000
0.937709 -0.247487 0.000000 1.000000
1.000000 -0.247487 0.000000 1.000000
0.358579 -0.141421 0.000000 1.000000
0.412030 -0.141421 0.000000 1.000000
0.518934 -0.141421 0.000000 1.000000
0.679289 -0.141421 0.000000 1.000000
0.839645 -0.141421 0.000000 1.000000
0.946548 -0.141421 0.000000 1.000000
1.000000 -0.141421 0.000000 1.000000
0.500000 0.000000 0.000000 1.000000
0.541667 0.000000 0.000000 1.000000
0.625000 0.000000 0.000000 1.000000
0.750000 0.000000 0.000000 1.000000
0.875000 0.000000 0.000000 1.000000
0.958333 0.000000 0.000000 1.000000
1.000000 -0.000000 0.000000 1.000000
0.641421 0.141421 0.000000 1.000000
0.671303 0.141421 0.000000 1.000000
0.731066 0.141421 0.000000 1.000000
0.820711 0.141421 0.000000 1.000000
0.910355 0.141421 0.000000 1.000000
0.970118 0.141421 0.000000 1.000000
1.000000 0.141421 0.000000 1.000000
0.747487 0.247487 0.000000 1.000000
0.768530 0.247487 0.000000 1.000000
0.810616 0.247487 0.000000 1.000000
0.873744 0.247487 0.000000 1.000000
0.936872 0.247487 0.000000 1.000000
0.978957 0.247487 0.000000 1.000000
1.000000 0.247487 0.000000 1.000000
0.818198 0.318198 0.000000 1.000000
0.833348 0.318198 0.000000 1.000000
0.863649 0.318198 0.000000 1.000000
0.909099 0.318198 0.000000 1.000000
0.954550 0.318198 0.000000 1.000000
0.984850 0.318198 0.000000 1.000000
1.000000 0.318198 0.000000 1.000000
0.853553 0.353553 0.000000 1.000000
0.865757 0.353553 0.000000 1.000000
0.890165 0.353553 0.000000 1.000000
0.926777 0.353553 0.000000 1.000000
0.963388 0.353553 0.000000 1.000000
0.987796 0.353553 0.000000 1.000000
1.000000 0.353553 0.000000 1.000000
