13
0 0.000000 0.000000 0.000000 0.000000 0.250000 0.500000 0.750000 1.000000 1.000000 1.000000 1.000000 1
14
0 0.000000 0.000000 0.000000 0.000000 0.200000 0.400000 0.600000 0.800000 1.000000 1.000000 1.000000 1.000000 1
72
-0.500000 0.500000 0.000000 1.000000
-0.450000 0.480000 0.000000 1.000000
-0.350000 0.440000 0.000000 1.000000
-0.200000 0.380000 0.000000 1.000000
-0.000000 0.300000 0.000000 1.000000
0.200000 0.220000 0.000000 1.000000
0.350000 0.160000 0.000000 1.000000
0.450000 0.120000 0.000000 1.000000
0.500000 0.100000 0.000000 1.000000
-0.500000 0.531250 0.000000 1.000000
-0.450000 0.512500 0.000000 1.000000
-0.350000 0.475000 0.000000 1.000000
-0.200000 0.418750 0.000000 1.000000
-0.000000 0.343750 0.000000 1.000000
0.200000 0.268750 0.000000 1.000000
0.350000 0.212500 0.000000 1.000000
0.450000 0.175000 0.000000 1.000000
0.500000 0.156250 0.000000 1.000000
-0.500000 0.593750 0.000000 1.000000
-0.450000 0.577500 0.000000 1.000000
-0.350000 0.545000 0.000000 1.000000
-0.200000 0.496250 0.000000 1.000000
0.000000 0.431250 0.000000 1.000000
0.200000 0.366250 0.000000 1.000000
0.350000 0.317500 0.000000 1.000000
0.450000 0.285000 0.000000 1.000000
0.500000 0.268750 0.000000 1.000000
-0.500000 0.687500 0.000000 1.000000
-0.450000 0.675000 0.000000 1.000000
-0.350000 0.650000 0.000000 1.000000
-0.200000 0.612500 0.000000 1.000000
-0.000000 0.562500 0.000000 1.000000
0.200000 0.512500 0.000000 1.000000
0.350000 0.475000 0.000000 1.000000
0.450000 0.450000 0.000000 1.000000
0.500000 0.437500 0.000000 1.000000
-0.500000 0.812500 0.000000 1.000000
-0.450000 0.805000 0.000000 1.000000
-0.350000 0.790000 0.000000 1.000000
-0.200000 0.767500 0.000000 1.000000
0.000000 0.737500 0.000000 1.000000
0.200000 0.707500 0.000000 1.000000
0.350000 0.685000 0.000000 1.000000
0.450000 0.670000 0.000000 1.000000
0.500000 0.662500 0.000000 1.000000
-0.500000 0.906250 0.000000 1.000000
-0.450000 0.902500 0.000000 1.000000
-0.350000 0.895000 0.000000 1.000000
-0.200000 0.883750 0.000000 1.000000
-0.000000 0.868750 0.000000 1.000000
0.200000 0.853750 0.000000 1.000000
0.350000 0.842500 0.000000 1.000000
0.450000 0.835000 0.000000 1.000000
0.500000 0.831250 0.000000 1.000000
-0.500000 0.968750 0.000000 1.000000
-0.450000 0.967500 0.000000 1.000000
-0.350000 0.965000 0.000000 1.000000
-0.200000 0.961250 0.000000 1.000000
0.000000 0.956250 0.000000 1.000000
0.200000 0.951250 0.000000 1.000000
0.350000 0.947500 0.000000 1.000000
0.450000 0.945000 0.000000 1.000000
0.500000 0.943750 0.000000 1.000000
-0.500000 1.000000 0.000000 1.000000
-0.450000 1.000000 0.000000 1.000000
-0.350000 1.000000 0.000000 1.000000
-0.200000 1.000000 0.000000 1.000000
-0.000000 1.000000 0.000000 1.000000
0.200000 1.000000 0.000000 1.000000
0.350000 1.000000 0.000000 1.000000
0.450000 1.000000 0.000000 1.000000
0.500000 1.000000 0.000000 1.000000
