14
0 0.000000 0.000000 0.000000 0.000000 0.200000 0.400000 0.600000 0.800000 1.000000 1.000000 1.000000 1.000000 1
14
0 0.000000 0.000000 0.000000 0.000000 0.200000 0.400000 0.600000 0.800000 1.000000 1.000000 1.000000 1.000000 1
81
-0.500000 -0.500000 0.000000 1.000000
-0.450000 -0.485000 0.000000 1.000000
-0.350000 -0.455000 0.000000 1.000000
-0.200000 -0.410000 0.000000 1.000000
0.000000 -0.350000 0.000000 1.000000
0.200000 -0.290000 0.000000 1.000000
0.350000 -0.245000 0.000000 1.000000
0.450000 -0.215000 0.000000 1.000000
0.500000 -0.200000 0.000000 1.000000
-0.500000 -0.450000 0.000000 1.000000
-0.450000 -0.436500 0.000000 1.000000
-0.350000 -0.409500 0.000000 1.000000
-0.200000 -0.369000 0.000000 1.000000
-0.000000 -0.315000 0.000000 1.000000
0.200000 -0.261000 0.000000 1.000000
0.350000 -0.220500 0.000000 1.000000
0.450000 -0.193500 0.000000 1.000000
0.500000 -0.180000 0.000000 1.000000
-0.500000 -0.350000 0.000000 1.000000
-0.450000 -0.339500 0.000000 1.000000
-0.350000 -0.318500 0.000000 1.000000
-0.200000 -0.287000 0.000000 1.000000
-0.000000 -0.245000 0.000000 1.000000
0.200000 -0.203000 0.000000 1.000000
0.350000 -0.171500 0.000000 1.000000
0.450000 -0.150500 0.000000 1.000000
0.500000 -0.140000 0.000000 1.000000
-0.500000 -0.200000 0.000000 1.000000
-0.450000 -0.194000 0.000000 1.000000
-0.350000 -0.182000 0.000000 1.000000
-0.200000 -0.164000 0.000000 1.000000
0.000000 -0.140000 0.000000 1.000000
0.200000 -0.116000 0.000000 1.000000
0.350000 -0.098000 0.000000 1.000000
0.450000 -0.086000 0.000000 1.000000
0.500000 -0.080000 0.000000 1.000000
-0.500000 -0.000000 0.000000 1.000000
-0.450000 -0.000000 0.000000 1.000000
-0.350000 0.000000 0.000000 1.000000
-0.200000 -0.000000 0.000000 1.000000
0.000000 0.000000 0.000000 1.000000
0.200000 -0.000000 0.000000 1.000000
0.350000 -0.000000 0.000000 1.000000
0.450000 -0.000000 0.000000 1.000000
0.500000 -0.000000 0.000000 1.000000
-0.500000 0.200000 0.000000 1.000000
-0.450000 0.194000 0.000000 1.000000
-0.350000 0.182000 0.000000 1.000000
-0.200000 0.164000 0.000000 1.000000
-0.000000 0.140000 0.000000 1.000000
0.200000 0.116000 0.000000 1.000000
0.350000 0.098000 0.000000 1.000000
0.450000 0.086000 0.000000 1.000000
0.500000 0.080000 0.000000 1.000000
-0.500000 0.350000 0.000000 1.000000
-0.450000 0.339500 0.000000 1.000000
-0.350000 0.318500 0.000000 1.000000
-0.200000 0.287000 0.000000 1.000000
0.000000 0.245000 0.000000 1.000000
0.200000 0.203000 0.000000 1.000000
0.350000 0.171500 0.000000 1.000000
0.450000 0.150500 0.000000 1.000000
0.500000 0.140000 0.000000 1.000000
-0.500000 0.450000 0.000000 1.000000
-0.450000 0.436500 0.000000 1.000000
-0.350000 0.409500 0.000000 1.000000
-0.200000 0.369000 0.000000 1.000000
0.000000 0.315000 0.000000 1.000000
0.200000 0.261000 0.000000 1.000000
0.350000 0.220500 0.000000 1.000000
0.450000 0.193500 0.000000 1.000000
0.500000 0.180000 0.000000 1.000000
-0.500000 0.500000 0.000000 1.000000
-0.450000 0.485000 0.000000 1.000000
-0.350000 0.455000 0.000000 1.000000
-0.200000 0.410000 0.000000 1.000000
0.000000 0.350000 0.000000 1.000000
0.200000 0.290000 0.000000 1.000000
0.350000 0.245000 0.000000 1.000000
0.450000 0.215000 0.000000 1.000000
0.500000 0.200000 0.000000 1.000000
